Mean: 92.9625170514928, Std: 3.675607014543814, Mean Extent: 10.542920818684307
val_iou: 0.7632695471709243
count: 12222
val_obs_overlap: 0.010425249726524448
val_offroad_overlap: 0.0335106090667124
