Mean: 93.62156494503174, Std: 7.599066265328892, Mean Extent: 21.923911064218547
val_iou: 0.6757501050849485
count: 12222
val_obs_overlap: 0.018259500489850294
val_offroad_overlap: 0.0433098183957091
