Mean: 92.67175635971121, Std: 5.063051843194032, Mean Extent: 14.649921753116095
val_iou: 0.7574817560797479
count: 12222
val_obs_overlap: 0.01654242264148663
val_offroad_overlap: 0.04063967665906184
