Mean: 93.076747402721, Std: 3.77115958785247, Mean Extent: 10.796378612868132
val_iou: 0.7548996618722746
count: 12222
val_obs_overlap: 0.0033434393273826294
val_offroad_overlap: 0.026686635081770244
