Mean: 93.6763970390277, Std: 7.538296366314462, Mean Extent: 21.776515019453374
val_iou: 0.6741888846336748
count: 12222
val_obs_overlap: 0.005735758620517079
val_offroad_overlap: 0.0313522720562011
