Mean: 94.51644485438081, Std: 3.0419944409561066, Mean Extent: 8.834755330811907
val_iou: 0.7762186565297443
count: 17370
val_obs_overlap: 0.03169836965632965
val_offroad_overlap: 0.058029830141490144
