Mean: 94.15743691080708, Std: 5.599728667477869, Mean Extent: 16.408571305012174
val_iou: 0.6854025211612976
count: 17370
val_obs_overlap: 0.03672852326587672
val_offroad_overlap: 0.06866949747793955
