Mean: 94.16472921216396, Std: 3.4802117699701047, Mean Extent: 10.20430355310434
val_iou: 0.778651550887601
count: 17370
val_obs_overlap: 0.03730410007960193
val_offroad_overlap: 0.06439496990467128
