Mean: 94.4663605174489, Std: 3.168571384373375, Mean Extent: 9.186395856203482
val_iou: 0.7629591519679876
count: 17370
val_obs_overlap: 0.017454093259948615
val_offroad_overlap: 0.04422549840207635
