Mean: 94.19019708615511, Std: 5.647271459045977, Mean Extent: 16.55035616628728
val_iou: 0.68225522617972
count: 17370
val_obs_overlap: 0.020202624659958732
val_offroad_overlap: 0.05280909222284608
