Mean: 85.94723200967871, Std: 4.112665180742246, Mean Extent: 11.526172771120425
val_iou: 0.7447325528248584
count: 4530
val_obs_overlap: 0.01537779355949121
val_offroad_overlap: 0.04457536845128799
