Mean: 87.00497743172664, Std: 13.211879372700148, Mean Extent: 36.865661382309426
val_iou: 0.6429517682316439
count: 4530
val_obs_overlap: 0.019660661471398395
val_offroad_overlap: 0.05318403463106752
