Mean: 85.56607933494755, Std: 9.068098020850902, Mean Extent: 25.808861872916733
val_iou: 0.7166038986264951
count: 4530
val_obs_overlap: 0.01711907383601814
val_offroad_overlap: 0.0507570989659952
