Mean: 85.97101541161379, Std: 4.17504998979778, Mean Extent: 11.740730145827214
val_iou: 0.7402785104918153
count: 4530
val_obs_overlap: 0.006587201677249313
val_offroad_overlap: 0.036169539009107625
