Mean: 87.3125193019363, Std: 13.028235044319802, Mean Extent: 36.37549919367248
val_iou: 0.642446385164756
count: 4530
val_obs_overlap: 0.008674351231804262
val_offroad_overlap: 0.04347148788972565
