Mean: 94.42684635180407, Std: 3.0529669350154656, Mean Extent: 8.845247713529432
val_iou: 0.7870083126713424
count: 2352
val_obs_overlap: 0.022716544490625656
val_offroad_overlap: 0.03624327142098345
