Mean: 92.07838730834658, Std: 6.999850178460191, Mean Extent: 20.18207748594712
val_iou: 0.688492325849807
count: 2352
val_obs_overlap: 0.025955641142656364
val_offroad_overlap: 0.04573638508747669
