Mean: 92.46277318759583, Std: 5.2151634123646735, Mean Extent: 14.953247197553877
val_iou: 0.7791780759594653
count: 2352
val_obs_overlap: 0.026272573457948978
val_offroad_overlap: 0.04344427411162215
