Mean: 94.45063643879298, Std: 3.1591578591235225, Mean Extent: 9.176941144755643
val_iou: 0.7780603333844894
count: 2352
val_obs_overlap: 0.011177558052250082
val_offroad_overlap: 0.02473962757330669
