Mean: 92.08784567299743, Std: 6.979067867335998, Mean Extent: 20.13560128078827
val_iou: 0.6857763693488481
count: 2352
val_obs_overlap: 0.012560514162857792
val_offroad_overlap: 0.03265486080406756
