Mean: 95.56344739384353, Std: 3.0320413220527866, Mean Extent: 8.573805157046918
val_iou: 0.8158160892326792
count: 7524
val_obs_overlap: 0.010724868017737896
val_offroad_overlap: 0.03227587528077662
