Mean: 96.44723567701823, Std: 8.11697728875884, Mean Extent: 23.147116218010897
val_iou: 0.73258536266856
count: 7524
val_obs_overlap: 0.012722789678027657
val_offroad_overlap: 0.045792978721030005
