Mean: 96.67035517420061, Std: 4.216801757894262, Mean Extent: 12.333621689204112
val_iou: 0.8099732010371739
count: 7524
val_obs_overlap: 0.011643948646206388
val_offroad_overlap: 0.03432141946322762
