Mean: 95.57455841493255, Std: 3.097089737908175, Mean Extent: 8.806470063259916
val_iou: 0.8154742322321504
count: 7524
val_obs_overlap: 0.004331032431203488
val_offroad_overlap: 0.026179152640673557
