Mean: 96.66937050602476, Std: 8.018229373505498, Mean Extent: 23.02731874279815
val_iou: 0.7350109967920577
count: 7524
val_obs_overlap: 0.005097254289613832
val_offroad_overlap: 0.038642596263304636
